0 0.192016 0.326220 0.083880 0.096341
0 0.080600 0.322561 0.116924 0.120732
0 0.128471 0.193293 0.092353 0.074390
0 0.312753 0.211585 0.099978 0.108537
0 0.287758 0.346951 0.095742 0.150000
0 0.441115 0.335366 0.065240 0.117073
0 0.382653 0.171951 0.066935 0.100000
0 0.236922 0.446951 0.110993 0.098780
0 0.442385 0.239634 0.077949 0.101220
0 0.196676 0.156707 0.054225 0.086585
0 0.290724 0.075610 0.064393 0.068293
2 0.744862 0.689024 0.094895 0.173171
2 0.901184 0.777439 0.092353 0.147561
2 0.873224 0.897561 0.080491 0.146341
2 0.747827 0.929878 0.110993 0.091463
2 0.636835 0.889634 0.065240 0.081707
2 0.608875 0.803659 0.095742 0.163415
2 0.588540 0.707927 0.088964 0.110976
2 0.657169 0.592073 0.070324 0.167073
2 0.878731 0.589634 0.083033 0.101220